datum,PM10bezigrad,PM25bezigrad,povpdnevnaT,oblacnost,povpvlaga,kolpadavin,padavine
1.01.2019,34.00,26,2.2,73,80,0.0,ne
2.01.2019,22.00,19,2.1,40,60,0.0,ne
3.01.2019,8.00,3,1.6,37,36,0.0,ne
4.01.2019,14.00,9,-0.8,70,61,0.0,da
7.01.2019,28.00,22,-0.6,77,81,0.0,da
8.01.2019,43.00,35,-0.8,100,92,0.0,da
9.01.2019,40.00,34,-1.1,80,95,0.2,da
10.01.2019,43.00,35,0.5,73,83,0.0,ne
11.01.2019,26.00,19,-1.3,33,70,0.0,da
14.01.2019,25.00,17,6.0,63,61,0.0,da
15.01.2019,16.00,9,4.1,13,48,0.0,da
16.01.2019,28.00,18,5.8,93,59,0.0,ne
17.01.2019,19.00,13,7.4,93,81,0.0,ne
18.01.2019,15.00,12,1.5,93,93,25.6,da
21.01.2019,33.00,27,-0.1,100,77,0.0,ne
22.01.2019,34.00,28,-1.2,93,83,0.1,da
23.01.2019,34.00,30,-2.4,100,86,0.4,da
24.01.2019,0,34,-0.6,97,82,1.6,da
25.01.2019,45.00,39,-3.1,43,80,0.0,ne
28.01.2019,25.00,21,2.0,100,93,9.6,da
29.01.2019,21.00,17,2.2,77,84,9.3,da
30.01.2019,25.00,20,1.0,83,76,0.0,ne
31.01.2019,38.00,34,0.3,93,86,0.0,ne
1.02.2019,46.00,42,1.7,100,95,1.7,da
4.02.2019,10.00,7,3.7,83,77,11.9,da
5.02.2019,19.00,14,2.2,73,72,0.0,ne
6.02.2019,35.00,28,1.3,10,76,0.0,ne
7.02.2019,51.00,41,0.4,60,82,0.0,ne
8.02.2019,53.00,44,2.2,50,77,0.0,ne
11.02.2019,15.00,11,4.3,87,88,18.1,da
12.02.2019,20.00,13,3.9,23,54,0.1,da
13.02.2019,37.00,24,2.6,10,62,0.0,ne
14.02.2019,49.00,35,4.2,23,69,0.0,ne
15.02.2019,41.00,32,4.3,20,74,0.0,ne
18.02.2019,54.00,40,6.1,3,65,0.0,ne
19.02.2019,57.00,48,7.0,7,65,0.0,ne
20.02.2019,75.00,63,6.9,47,70,0.0,ne
21.02.2019,72.00,57,7.6,47,66,0.0,ne
22.02.2019,45.00,36,9.1,50,65,0.0,ne
25.02.2019,35.00,27,5.3,60,51,0.0,ne
26.02.2019,42.00,31,10.9,70,50,0.0,da
27.02.2019,30.00,21,8.1,10,54,0.0,ne
28.02.2019,29.00,20,10.2,23,50,0.0,ne
1.03.2019,36.00,29,9.5,57,56,0.0,ne
4.03.2019,25.00,19,9.9,83,63,0.0,ne
5.03.2019,19.00,14,8.9,43,76,4.0,da
6.03.2019,30.00,20,8.8,47,71,0.0,ne
7.03.2019,20.00,11,12.8,90,69,0.0,ne
8.03.2019,18.00,9,12.0,50,60,0.1,da
11.03.2019,13.00,7,3.9,93,88,0.0,ne
12.03.2019,14.00,10,6.0,40,61,8.8,da
13.03.2019,16.00,10,5.6,93,66,0.0,ne
14.03.2019,15.00,11,7.2,50,63,1.8,da
15.03.2019,20.00,13,9.7,47,60,0.0,ne
18.03.2019,10.00,6,4.8,100,88,0.2,da
19.03.2019,14.00,9,5.5,90,77,15.6,da
20.03.2019,15.00,9,5.7,20,59,0.2,da
21.03.2019,23.00,15,7.0,20,55,0.0,ne
22.03.2019,31.00,23,9.1,20,57,0.0,ne
25.03.2019,25.00,17,7.1,40,75,0.0,ne
26.03.2019,7.00,5,7.7,30,61,17.0,da
27.03.2019,15.00,9,5.9,70,64,0.0,ne
28.03.2019,15.00,11,8.0,63,62,0.0,ne
29.03.2019,18.00,14,10.4,40,59,0.0,ne
1.04.2019,26.00,20,13.0,3,56,0.0,ne
2.04.2019,34.00,25,13.7,70,58,0.0,ne
3.04.2019,28.00,22,13.2,77,66,0.0,da
4.04.2019,21.00,15,13.0,90,70,3.5,da
5.04.2019,10.00,7,9.5,97,82,0.1,da
8.04.2019,21.00,17,11.0,87,85,0.4,da
9.04.2019,30.00,24,10.0,93,94,1.7,da
10.04.2019,32.00,28,11.4,97,91,8.4,da
11.04.2019,15.00,12,8.4,100,90,11.5,da
12.04.2019,21.00,18,5.5,97,89,6.0,da
15.04.2019,21.00,18,10.3,47,66,0.4,da
16.04.2019,26.00,22,10.5,13,59,0.0,ne
17.04.2019,23.00,19,12.7,17,55,0.0,ne
18.04.2019,17.00,13,12.5,30,59,0.0,ne
19.04.2019,18.00,13,13.7,7,57,0.0,ne
22.04.2019,17.00,12,15.3,53,54,0.0,ne
23.04.2019,19.00,13,11.0,100,93,3.8,da
24.04.2019,31.00,15,15.7,80,77,14.6,da
25.04.2019,44.00,17,17.8,50,66,2.5,da
26.04.2019,49.00,21,16.8,80,71,0.0,ne
29.04.2019,10.00,6,9.6,97,80,15.4,da
30.04.2019,15.00,11,11.4,90,74,0.3,da
1.05.2019,16.00,15,14.7,33,64,0.3,da
2.05.2019,12.00,9,15.2,30,58,0.0,ne
3.05.2019,11.00,7,11.6,90,83,0.2,da
6.05.2019,7.00,5,7.8,60,69,9.9,da
7.05.2019,13.00,11,10.0,57,66,0.0,ne
8.05.2019,14.00,10,11.1,93,70,0.0,ne
9.05.2019,8.00,5,9.8,67,88,0.3,da
10.05.2019,11.00,9,14.4,63,72,12.9,da
13.05.2019,7.00,4,11.0,87,70,1.4,da
14.05.2019,9.00,6,7.4,97,66,1.5,da
15.05.2019,6.00,5,6.7,90,88,4.0,da
16.05.2019,7.00,6,10.4,93,80,14.3,da
17.05.2019,10.00,8,12.6,50,75,0.0,ne
20.05.2019,8.00,7,13.8,93,80,1.2,da
21.05.2019,7.00,4,14.0,100,84,3.7,da
22.05.2019,13.00,8,15.1,77,82,0.4,da
23.05.2019,10.00,12,17.2,80,73,7.3,da
24.05.2019,12.00,8,19.7,27,57,0.0,ne
27.05.2019,10.00,7,14.7,100,90,2.7,da
28.05.2019,7.00,5,15.5,100,90,15.3,da
29.05.2019,4.00,3,11.7,100,91,75.6,da
30.05.2019,5.00,4,13.2,97,81,16.5,da
31.05.2019,13.00,8,16.8,67,65,1.7,da
3.06.2019,15.00,11,21.3,30,70,0.5,da
4.06.2019,18.00,13,22.8,27,67,1.5,da
5.06.2019,18.00,13,22.0,23,70,0.0,da
6.06.2019,15.00,10,21.8,47,64,0.0,ne
7.06.2019,0,0,22.0,17,58,0.0,ne
10.06.2019,29.00,17,23.9,53,74,0.0,ne
11.06.2019,34.00,22,22.3,70,83,0.0,da
12.06.2019,30.00,18,25.0,37,66,7.3,da
13.06.2019,27.00,13,24.3,10,51,0.0,ne
14.06.2019,19.00,11,26.0,27,51,0.0,ne
17.06.2019,16.00,10,22.4,80,71,0.1,da
18.06.2019,15.00,10,22.5,60,75,0.1,da
19.06.2019,17.00,11,21.3,53,78,0.0,ne
20.06.2019,21.00,13,22.3,40,71,2.5,da
21.06.2019,19.00,13,22.6,47,71,0.0,da
24.06.2019,13.00,9,24.5,40,69,1.3,da
25.06.2019,19.00,13,25.5,20,68,0.0,ne
26.06.2019,22.00,17,27.0,3,64,0.0,ne
27.06.2019,29.00,20,29.1,13,60,0.0,ne
28.06.2019,17.00,10,25.6,17,44,0.0,ne
1.07.2019,17.00,11,27.4,27,49,0.0,ne
2.07.2019,17.00,11,23.0,40,66,0.0,ne
3.07.2019,12.00,8,21.2,73,73,32.4,da
4.07.2019,13.00,9,21.1,60,73,3.6,da
5.07.2019,19.00,15,24.5,37,66,0.0,ne
8.07.2019,11.00,8,19.0,87,84,10.9,da
9.07.2019,9.00,7,18.7,100,85,24.2,da
10.07.2019,11.00,7,18.5,53,64,2.2,da
11.07.2019,14.00,10,20.0,80,64,0.0,ne
12.07.2019,12.00,10,20.1,80,69,0.7,da
15.07.2019,10.00,7,20.1,60,65,0.1,da
16.07.2019,14.00,10,21.1,20,58,0.0,ne
17.07.2019,15.00,10,22.8,57,54,0.0,ne
18.07.2019,10.00,6,21.4,73,66,1.8,da
19.07.2019,13.00,9,23.2,40,61,0.1,da
22.07.2019,14.00,11,25.2,50,70,12.7,da
23.07.2019,17.00,12,27.0,10,64,0.0,ne
24.07.2019,21.00,16,28.1,30,62,0.0,ne
25.07.2019,22.00,16,28.3,27,64,0.0,ne
26.07.2019,21.00,15,27.8,57,59,0.0,ne
29.07.2019,10.00,8,22.1,63,82,40.5,da
30.07.2019,16.00,12,24.6,57,72,0.1,da
31.07.2019,12.00,8,24.4,37,70,0.0,ne
1.08.2019,10.00,7,24.5,47,67,0.3,da
2.08.2019,11.00,8,19.6,80,87,0.0,da
5.08.2019,13.00,8,23.5,37,66,0.0,ne
6.08.2019,16.00,13,23.4,67,69,0.0,ne
7.08.2019,14.00,9,25.0,60,71,1.7,da
8.08.2019,14.00,9,20.8,87,85,0.0,da
9.08.2019,15.00,11,24.9,43,74,1.9,da
12.08.2019,18.00,12,26.7,30,67,0.0,ne
13.08.2019,12.00,7,21.7,90,77,0.0,da
14.08.2019,8.00,4,18.7,70,73,14.0,da
15.08.2019,10.00,7,19.7,57,67,0.1,da
16.08.2019,7.00,5,19.4,60,71,1.3,da
19.08.2019,16.00,13,24.7,13,63,0.0,ne
20.08.2019,18.00,13,25.2,7,69,0.0,ne
21.08.2019,15.00,11,22.0,50,73,0.0,ne
22.08.2019,10.00,7,20.4,83,70,0.2,da
23.08.2019,17.00,12,21.9,100,77,0.0,ne
26.08.2019,23.00,18,22.3,77,84,0.0,ne
27.08.2019,27.00,21,23.4,37,78,8.0,da
28.08.2019,31.00,25,23.7,83,79,0.0,ne
29.08.2019,29.00,25,23.3,83,75,0.0,ne
30.08.2019,20.00,14,23.4,60,75,0.9,da
2.09.2019,16.00,12,19.6,97,80,0.0,ne
3.09.2019,9.00,6,17.6,47,79,18.7,da
4.09.2019,14.00,9,17.1,13,71,0.0,ne
5.09.2019,15.00,11,18.5,10,74,0.0,ne
6.09.2019,14.00,10,16.1,97,80,0.0,ne
9.09.2019,7.00,0,15.8,50,76,13.5,da
10.09.2019,10.00,0,15.5,43,79,10.8,da
11.09.2019,15.00,0,15.1,83,84,0.0,ne
12.09.2019,17.00,0,18.0,47,77,0.0,ne
13.09.2019,14.00,10,18.5,40,75,0.0,ne
16.09.2019,17.00,5,20.8,40,76,0.0,ne
17.09.2019,22.00,16,21.2,70,75,0.0,ne
18.09.2019,14.00,9,14.2,97,82,11.3,da
19.09.2019,13.00,7,13.4,60,66,0.5,da
20.09.2019,13.00,7,11.7,17,64,0.0,ne
23.09.2019,13.00,10,15.8,97,90,3.0,da
24.09.2019,10.00,8,16.7,60,80,35.1,da
25.09.2019,13.00,10,15.0,100,91,0.0,ne
26.09.2019,10.00,6,16.1,43,80,11.4,da
27.09.2019,12.00,8,17.1,87,74,0.0,ne
30.09.2019,16.00,11,18.5,37,75,0.0,ne
1.10.2019,18.00,10,17.4,27,76,0.0,ne
2.10.2019,12.00,8,13.8,70,86,1.5,da
3.10.2019,10.00,5,10.6,60,77,25.1,da
4.10.2019,14.00,9,10.5,70,74,0.0,da
7.10.2019,12.00,9,10.9,80,67,0.0,ne
8.10.2019,19.00,14,10.1,43,71,0.0,ne
9.10.2019,16.00,11,13.6,93,76,0.0,ne
10.10.2019,0,5,13.2,87,84,18.6,da
11.10.2019,16.00,11,12.2,40,82,3.4,da
14.10.2019,33.00,26,15.5,63,71,0.0,ne
15.10.2019,27.00,19,14.2,63,79,0.0,ne
16.10.2019,16.00,10,15.2,37,74,15.1,da
17.10.2019,17.00,9,15.3,53,71,0.0,ne
18.10.2019,17.00,10,14.8,67,73,0.0,ne
21.10.2019,22.00,13,17.4,50,70,0.0,ne
22.10.2019,31.00,21,15.8,40,78,0.0,ne
23.10.2019,27.00,18,15.3,47,79,0.0,ne
24.10.2019,26.00,19,14.5,43,77,0.0,ne
25.10.2019,30.00,22,13.3,50,76,0.0,ne
28.10.2019,28.00,21,12.9,90,76,0.0,ne
29.10.2019,11.00,8,8.4,100,86,4.5,da
30.10.2019,15.00,11,7.6,100,76,6.6,da
31.10.2019,10.00,8,6.2,100,80,0.9,da